11307
11350
11472
11477
11479
11481
11482
11540
11555
11603
11606
11624
11632
11737
11757
11770
11785
11787
11792
11848
11991
12034
12042
12043
12144
12151
12154
12155
12156
12159
12161
12162
12165
12180
12189
12190
12226
12227
12265
12317
12322
12326
12359
12361
12388
12417
12418
12419
12421
12428
12447
12454
12455
12519
12524
12537
12550
12566
12572
12576
12577
12593
12616
12648
12904
12928
12952
12953
12971
13134
13163
13176
13180
13207
13405
13430
13433
13486
13490
13498
13544
13549
13607
13626
13716
13805
13831
13856
13871
13872
13874
13990
13992
14048
14049
14050
14051
14055
14062
14105
14165
14173
14200
14248
14313
14357
14362
14375
14534
14573
14601
14629
14797
14810
15126
15183
15184
15185
15194
15201
15257
15258
15259
15278
15368
15569
15894
15902
15904
15976
15977
15978
16000
16002
16147
16150
16151
16153
16156
16170
16171
16176
16179
16183
16189
16191
16193
16194
16323
16334
16337
16452
16510
16511
16512
16543
16653
16825
16826
16878
17191
17192
17215
17216
17217
17218
17219
17220
17246
17248
17283
17344
17420
17454
17691
17700
17749
17859
17920
17936
17937
17977
17978
17979
17984
17999
18002
18007
18020
18035
18036
18119
18148
18163
18173
18193
18205
18226
18393
18412
18413
18432
18569
18584
18602
18626
18627
18628
18643
18712
18767
18769
18778
18949
18985
19042
19052
19084
19182
19184
19226
19273
19285
19330
19384
19416
19646
19687
19708
19763
19766
19777
19820
19821
19988
20020
20024
20044
20174
20184
20193
20218
20220
20238
20382
20410
20423
20439
20467
20481
20482
20587
20588
20589
20602
20656
20833
20924
20937
21357
21400
21401
21667
21672
21749
21750
21761
21803
21804
21809
21812
21843
21848
21853
21885
21886
21887
21888
21898
21917
21926
21937
21945
21953
21958
22057
22088
22130
22158
22163
22164
22190
22196
22200
22287
22339
22346
22408
22589
22629
22668
23885
23950
24058
24068
24069
24088
24116
24128
26356
26371
26395
26397
26401
26413
26754
26885
26918
26992
27050
27057
27221
27223
27275
27374
27632
27681
27878
28019
28084
29806
29861
30841
30937
30941
30951
30954
50721
50724
50849
50868
50926
50929
51792
51813
52040
52592
52609
52615
52713
52808
53317
53325
53415
53610
53621
53883
53975
54006
54132
54351
54380
54401
54427
54624
54633
54650
54670
55942
56031
56036
56070
56196
56222
56233
56273
56282
56309
56310
56338
56353
56380
56397
56404
56406
56456
56461
56463
56469
56505
56532
56541
56612
56613
56706
56736
56742
57230
57295
57314
57316
57321
57376
57748
57756
57816
58172
58184
58202
58521
58523
59004
60345
60406
60411
63856
64144
64383
64384
64685
64707
65099
65102
66126
66136
66226
66229
66262
66313
66341
66399
66403
66423
66467
66580
66589
66634
66645
66647
66653
66660
66671
66684
66824
66830
66897
66923
66929
66948
66970
66985
66993
66999
67005
67037
67057
67087
67088
67095
67151
67154
67155
67184
67222
67224
67379
67486
67488
67500
67544
67563
67733
67772
67773
67815
67824
67923
67933
67956
67959
67991
68016
68094
68140
68153
68196
68346
68799
68877
68879
68975
68995
69090
69131
69159
69260
69367
69587
69656
69716
69807
69837
69920
70088
70122
70127
70160
70208
70315
70408
70461
70465
70601
70827
70998
71059
71099
71330
71371
71389
71458
71514
71592
71702
71751
71777
71828
71835
71876
71902
71952
71954
71990
71991
72057
72183
72195
72199
72313
72416
72459
72475
72562
72736
72749
72949
73086
73122
73178
73247
73251
73503
73569
73739
73914
74016
74039
74044
74106
74112
74195
74197
74238
74414
74427
74490
74734
74838
75302
75329
75387
75452
75565
75613
75627
76073
76246
76267
76281
76390
76793
76804
76900
77044
77045
77532
77627
77634
77683
77766
77799
77889
77987
78473
78943
79221
80288
80859
81000
81601
83557
83766
83796
83797
83945
84113
84505
93686
93759
93760
93761
93762
93765
93837
93871
94093
94246
94275
96979
97064
99311
99480
99890
100336
100683
100732
101739
103537
103806
104215
104625
105689
105859
106021
106759
107435
107568
107817
107932
107951
108000
108098
108723
108767
108829
108960
109115
109151
109181
109275
109331
109593
110052
110075
110524
110616
110749
111173
114606
114642
114741
114774
140484
140743
142980
170738
170742
170771
170787
170791
170828
192176
192231
192656
192657
192663
192775
193796
207565
208043
208146
208727
209011
209268
209361
209707
211151
211323
211329
211770
213389
213498
214384
214572
214669
214742
214764
214855
215031
215114
216154
216161
216799
216825
216848
216874
217864
217946
218461
218490
218624
223513
223527
224481
224619
224902
224903
225182
225518
225876
225888
225895
226169
226250
227867
228775
228790
228869
229003
229004
229534
229584
229615
229663
229700
230233
230674
230796
231051
231162
231506
231769
231798
232023
232232
232286
232334
232791
232811
232989
233532
233545
233904
234135
234594
234852
235497
235623
235626
236511
237336
237339
237911
238057
238271
238455
239027
239528
239985
240354
240514
242316
244059
244349
244694
244923
245527
245688
246103
246198
257630
257632
264064
268448
268857
268903
269003
269209
269224
269344
269424
270110
270118
270627
272359
277250
319594
319713
319955
320271
320365
320376
320713
320790
330129
331532
332110
332359
333639
333654
353282
380669
380728
380773
381022
382056
386655
387131
387132
387510
403175
433375
433586
433693
434156
494448
544971
545725
547253
550619
594844
619289
622473
625631
626954
641340
667035
675812
100039786
100041034
100043597
100043714
