11303
11308
11418
11419
11421
11423
11426
11430
11435
11438
11440
11441
11443
11444
11447
11448
11449
11486
11489
11491
11500
11501
11502
11512
11513
11514
11515
11517
11518
11519
11520
11536
11539
11541
11542
11548
11549
11550
11551
11553
11554
11556
11566
11596
11600
11601
11607
11608
11609
11610
11629
11636
11647
11650
11651
11652
11670
11682
11687
11688
11699
11732
11733
11735
11745
11746
11747
11750
11752
11754
11771
11772
11773
11784
11789
11803
11804
11816
11818
11826
11827
11828
11829
11830
11832
11833
11838
11840
11843
11844
11845
11852
11853
11854
11861
11872
11877
11883
11928
11931
11932
11933
11941
11944
11945
11946
11947
11964
11966
11975
11977
11979
11980
11981
11982
11987
11988
11989
11990
11994
12000
12005
12006
12007
12010
12061
12062
12075
12143
12145
12168
12182
12209
12212
12215
12223
12229
12261
12267
12273
12279
12286
12287
12288
12289
12290
12291
12292
12295
12296
12298
12305
12306
12311
12313
12314
12315
12331
12333
12334
12335
12336
12349
12351
12370
12374
12385
12386
12389
12390
12391
12404
12408
12425
12426
12458
12462
12475
12477
12479
12480
12482
12483
12484
12487
12488
12489
12490
12491
12494
12496
12497
12501
12503
12504
12505
12506
12507
12508
12509
12511
12512
12514
12518
12523
12527
12540
12552
12554
12555
12556
12557
12558
12560
12561
12562
12563
12564
12565
12568
12569
12570
12614
12627
12628
12631
12638
12661
12669
12671
12672
12695
12700
12704
12721
12724
12725
12728
12729
12737
12738
12739
12740
12741
12752
12765
12766
12767
12768
12769
12770
12771
12772
12773
12774
12775
12776
12777
12778
12789
12790
12794
12799
12801
12802
12804
12805
12808
12817
12877
12879
12891
12909
12921
12922
12927
12955
12977
12978
12982
12984
12988
13001
13002
13035
13043
13051
13052
13057
13058
13132
13136
13137
13138
13139
13162
13167
13169
13199
13340
13346
13349
13363
13367
13380
13383
13385
13388
13400
13418
13429
13446
13447
13479
13482
13483
13488
13489
13491
13492
13497
13505
13506
13507
13508
13510
13511
13512
13518
13522
13527
13542
13543
13608
13609
13610
13611
13617
13618
13627
13629
13636
13637
13638
13639
13640
13641
13642
13643
13645
13649
13660
13723
13728
13730
13731
13732
13733
13800
13807
13808
13809
13822
13823
13828
13829
13830
13835
13836
13837
13838
13839
13841
13842
13844
13845
13846
13848
13852
13854
13857
13858
13859
13860
13866
13869
13885
14012
14063
14064
14065
14066
14079
14081
14083
14086
14089
14102
14103
14104
14107
14125
14127
14128
14129
14130
14131
14132
14133
14156
14158
14159
14160
14168
14181
14182
14183
14184
14186
14191
14198
14199
14251
14252
14254
14255
14256
14257
14260
14269
14270
14275
14276
14289
14290
14291
14293
14294
14299
14302
14309
14339
14360
14365
14366
14367
14368
14369
14370
14371
14389
14394
14395
14396
14397
14399
14400
14401
14402
14403
14405
14406
14407
14408
14409
14412
14417
14421
14427
14428
14432
14433
14451
14470
14525
14527
14563
14579
14585
14586
14587
14588
14595
14598
14599
14600
14602
14608
14609
14610
14611
14612
14613
14615
14616
14617
14618
14619
14620
14621
14622
14623
14652
14654
14657
14658
14663
14664
14672
14677
14678
14679
14681
14682
14683
14687
14694
14697
14699
14700
14701
14702
14704
14706
14708
14709
14710
14715
14719
14723
14726
14728
14732
14733
14734
14735
14738
14739
14744
14745
14747
14748
14751
14758
14760
14761
14762
14763
14764
14765
14766
14767
14773
14784
14786
14788
14799
14800
14802
14803
14804
14805
14806
14807
14809
14811
14812
14813
14814
14816
14823
14827
14828
14829
14863
14869
14870
14913
14917
14918
14919
14924
14950
14960
14961
14963
14964
14979
14980
14985
14990
14997
15006
15007
15013
15015
15018
15019
15024
15039
15040
15042
15043
15064
15162
15165
15166
15168
15200
15203
15216
15245
15254
15369
15451
15461
15465
15466
15481
15490
15507
15510
15519
15550
15551
15552
15557
15558
15559
15560
15561
15562
15563
15564
15565
15566
15567
15587
15896
15898
15925
15944
15975
15979
15980
15985
16001
16004
16019
16149
16154
16155
16169
16172
16175
16177
16178
16180
16188
16190
16199
16202
16331
16332
16367
16369
16370
16396
16398
16400
16401
16402
16403
16410
16412
16413
16414
16415
16416
16423
16427
16429
16432
16438
16439
16440
16443
16449
16456
16470
16475
16480
16485
16490
16491
16492
16493
16494
16497
16498
16500
16502
16508
16509
16513
16514
16515
16516
16517
16518
16520
16522
16524
16525
16526
16527
16528
16531
16532
16534
16535
16536
16538
16539
16542
16590
16591
16627
16628
16630
16633
16634
16636
16637
16638
16639
16640
16651
16669
16678
16728
16769
16783
16784
16785
16797
16801
16818
16835
16847
16867
16880
16890
16897
16952
16956
16971
16973
16974
16975
16976
16978
16981
16985
16994
16995
17005
17057
17059
17060
17063
17064
17067
17068
17069
17071
17075
17079
17082
17083
17086
17096
17123
17136
17153
17169
17171
17196
17199
17200
17201
17202
17203
17207
17237
17250
17254
17274
17279
17288
17295
17311
17330
17339
17356
17357
17364
17380
17389
17390
17391
17448
17470
17474
17475
17480
17528
17532
17533
17688
17698
17755
17758
17761
17762
17772
17773
17775
17829
17830
17874
17886
17909
17912
17913
17922
17962
17967
17968
17969
17973
17988
17997
18000
18010
18011
18016
18053
18101
18107
18108
18125
18127
18145
18160
18162
18164
18166
18167
18168
18169
18174
18176
18183
18186
18187
18189
18195
18198
18211
18212
18213
18214
18216
18217
18241
18260
18307
18310
18312
18315
18316
18322
18328
18348
18349
18350
18356
18372
18373
18377
18386
18387
18389
18390
18391
18392
18399
18400
18417
18419
18430
18436
18438
18439
18441
18442
18453
18475
18479
18483
18484
18488
18530
18550
18555
18566
18585
18595
18596
18605
18607
18610
18613
18646
18647
18669
18670
18671
18679
18693
18703
18704
18705
18706
18707
18708
18717
18718
18720
18733
18746
18747
18749
18750
18751
18752
18753
18754
18755
18759
18760
18761
18762
18763
18764
18766
18772
18779
18784
18793
18796
18802
18803
18806
18815
18823
18824
18826
18828
18844
18845
18846
18858
18951
18973
19012
19041
19045
19055
19056
19058
19062
19065
19085
19087
19088
19091
19092
19122
19126
19142
19152
19153
19157
19158
19159
19164
19204
19206
19211
19214
19216
19217
19218
19219
19220
19222
19228
19229
19243
19244
19245
19246
19248
19249
19255
19258
19262
19264
19265
19267
19268
19271
19277
19279
19281
19283
19294
19303
19325
19329
19331
19334
19335
19337
19339
19340
19341
19342
19344
19345
19353
19368
19369
19370
19395
19400
19415
19418
19419
19684
19707
19713
19729
19734
19735
19736
19737
19739
19743
19762
19769
19775
19877
19878
19879
19882
19886
19889
19892
19894
20130
20187
20190
20191
20200
20201
20202
20264
20265
20269
20271
20272
20273
20274
20276
20277
20278
20288
20312
20315
20318
20320
20339
20340
20343
20345
20351
20352
20353
20354
20355
20358
20359
20360
20361
20364
20370
20377
20391
20392
20393
20411
20416
20418
20437
20469
20495
20496
20497
20499
20501
20502
20503
20505
20509
20510
20511
20512
20514
20515
20516
20517
20520
20521
20522
20525
20526
20527
20528
20529
20531
20532
20533
20534
20536
20538
20539
20540
20541
20544
20563
20597
20605
20606
20607
20608
20609
20612
20614
20616
20617
20618
20619
20648
20649
20655
20661
20662
20690
20698
20732
20733
20740
20741
20742
20743
20778
20779
20815
20826
20843
20853
20866
20868
20897
20901
20907
20908
20909
20910
20911
20912
20917
20927
20928
20931
20947
20955
20963
20979
20980
20981
20983
21333
21336
21337
21338
21366
21367
21390
21664
21665
21682
21683
21684
21687
21753
21802
21813
21814
21817
21824
21838
21844
21846
21871
21872
21873
21894
21897
21899
21934
21936
21939
21943
21944
21947
21948
21950
21981
21983
22018
22027
22032
22034
22038
22042
22044
22045
22051
22063
22064
22066
22067
22068
22095
22134
22135
22141
22157
22165
22174
22210
22218
22223
22242
22249
22253
22258
22269
22283
22288
22295
22296
22297
22318
22319
22320
22323
22325
22329
22330
22333
22342
22343
22350
22352
22354
22355
22361
22362
22368
22379
22380
22403
22413
22422
22591
22596
22598
22599
22612
22635
22637
22782
22784
22786
22787
22788
22789
23789
23790
23792
23796
23797
23821
23828
23830
23833
23836
23845
23853
23859
23880
23887
23888
23890
23900
23912
23921
23924
23925
23934
23936
23943
23948
23959
23963
23964
23969
23970
23985
23991
24012
24046
24051
24052
24053
24059
24064
24099
24100
24109
24112
24115
24127
26357
26361
26362
26364
26365
26367
26377
26382
26385
26404
26409
26412
26414
26422
26425
26434
26441
26456
26457
26464
26556
26557
26558
26564
26569
26570
26903
26913
26934
26941
26943
26946
27007
27028
27041
27059
27060
27061
27205
27216
27218
27222
27260
27261
27279
27280
27359
27360
27364
27371
27375
27403
27404
27405
27410
27411
27413
27421
27423
27424
28006
28064
28080
28169
28240
28248
28250
28253
28254
29810
29820
29866
29867
29873
29875
29876
30044
30060
30791
30925
30936
30943
30952
30955
30957
30960
30962
50490
50528
50765
50769
50770
50771
50778
50779
50780
50782
50791
50873
50877
50884
50905
50915
50918
50928
50930
50932
50934
51789
51791
51799
51801
51811
51869
52009
52020
52036
52118
52323
52466
52588
52614
52635
52666
52685
52710
52855
52858
52882
53310
53320
53331
53332
53378
53413
53419
53420
53599
53601
53614
53620
53623
53624
53817
53868
53869
53870
53945
54126
54135
54138
54140
54153
54195
54199
54215
54219
54338
54353
54366
54377
54390
54393
54394
54403
54409
54418
54419
54420
54447
54519
54524
54525
54526
54598
54609
54631
54635
54652
54667
54672
54698
54725
55925
55960
55991
56013
56017
56044
56045
56047
56085
56089
56149
56173
56188
56212
56215
56216
56217
56224
56289
56297
56307
56315
56318
56320
56349
56365
56374
56376
56379
56382
56398
56401
56420
56424
56426
56436
56437
56442
56451
56452
56460
56470
56485
56486
56492
56506
56508
56513
56524
56527
56533
56543
56544
56552
56554
56637
56644
56696
56697
56699
56741
56743
56746
56747
56753
56807
56843
56861
56863
56876
57014
57028
57138
57248
57249
57253
57255
57256
57257
57260
57265
57272
57274
57278
57320
57339
57340
57342
57385
57435
57440
57442
57776
57778
57781
57810
57890
57912
57914
58170
58175
58176
58182
58187
58205
58210
58220
58222
58223
58234
58235
58237
58800
58804
58807
58861
58866
58916
58994
58998
59003
59020
59025
59033
59049
59056
59079
59091
59095
59287
59289
59290
60363
60409
60425
60455
60510
60533
60534
60596
60613
63873
63913
63959
63993
64058
64085
64095
64099
64143
64177
64214
64294
64297
64337
64339
64378
64435
64436
64450
64540
64652
64706
64930
64931
64945
65079
65086
65945
65962
65970
65972
65973
66053
66066
66105
66109
66139
66141
66147
66166
66259
66261
66290
66329
66335
66395
66412
66451
66459
66508
66592
66616
66629
66661
66700
66725
66733
66805
66853
66859
66860
66881
66898
66914
66922
67020
67031
67035
67075
67080
67123
67133
67149
67157
67168
67169
67252
67270
67295
67331
67338
67374
67378
67384
67448
67451
67459
67472
67473
67474
67498
67547
67602
67623
67685
67689
67703
67753
67759
67760
67784
67790
67792
67826
67839
67849
67860
67864
67865
67880
67884
67888
67916
67929
67943
67972
67974
67979
68010
68054
68058
68083
68146
68159
68166
68188
68203
68270
68311
68328
68365
68385
68404
68420
68421
68423
68428
68449
68453
68465
68468
68525
68545
68566
68581
68585
68617
68631
68655
68667
68713
68742
68764
68794
68891
68938
68942
68968
69017
69071
69106
69150
69178
69314
69354
69363
69470
69482
69524
69538
69543
69550
69581
69585
69601
69635
69698
69710
69719
69787
69814
69908
69940
69981
69994
70008
70020
70086
70163
70218
70261
70310
70349
70350
70355
70357
70358
70417
70423
70445
70497
70527
70530
70549
70568
70574
70599
70747
70771
70772
70807
70809
70839
70840
70928
70967
71003
71111
71145
71183
71223
71240
71254
71306
71326
71345
71435
71461
71492
71521
71566
71584
71607
71670
71683
71687
71699
71720
71729
71733
71740
71753
71770
71781
71853
71862
71893
71897
71904
71908
71951
72002
72027
72040
72043
72045
72056
72058
72065
72074
72088
72090
72125
72140
72258
72267
72293
72296
72318
72324
72333
72345
72393
72433
72434
72472
72512
72543
72555
72569
72584
72585
72674
72699
72729
72789
72925
72978
73010
73062
73094
73173
73182
73218
73340
73458
73728
73738
73835
74012
74013
74015
74048
74051
74053
74055
74094
74096
74104
74152
74155
74187
74191
74204
74229
74256
74277
74325
74337
74338
74342
74351
74375
74412
74413
74442
74468
74513
74568
74569
74591
74694
74720
74732
74741
74762
74769
74775
74998
75141
75221
75320
75339
75345
75472
75607
75668
75677
75695
75697
75717
75744
75750
75766
75778
75788
75805
75863
75909
76089
76108
76161
76257
76260
76295
76338
76380
76438
76486
76499
76507
76509
76560
76574
76686
76709
76740
76743
76757
76832
76854
76856
76889
76895
76942
76983
77037
77038
77087
77407
77446
77531
77574
77579
77596
77647
77706
77832
77975
78134
78255
78339
78369
78459
78514
78560
78789
78808
78826
78906
78920
79201
79202
79264
79410
79554
80283
80297
80334
80707
80708
80721
80748
80749
80751
80782
80795
80837
80876
80877
80879
80883
80885
80893
80901
80906
80910
80976
80978
80979
80981
80982
81006
81897
81905
83379
83397
83429
83433
83436
83490
83669
83671
83672
83674
83704
83762
83770
83771
83814
83961
83964
83965
83997
84004
84036
84092
84094
84095
84111
84112
84652
85030
93671
93675
93690
93694
93695
93712
93724
93737
93742
93746
93790
93840
93842
93876
93885
93889
93896
93897
93960
93967
93968
93969
93970
93971
94045
94071
94178
94185
94212
94213
94218
94219
94220
94221
94226
94229
94245
94249
94332
98267
98366
98396
98432
98660
98732
98741
98766
98845
98878
98910
99031
99296
99439
99470
99663
100102
100129
100434
100532
100604
100647
100900
100972
101476
101488
101489
101540
101543
101613
101772
101809
101867
101883
102093
102103
102278
102371
102566
102680
102774
103724
103742
103765
103978
104010
104027
104110
104111
104112
104245
104252
104318
104418
104443
104445
104681
104886
104923
105171
105243
105722
105727
105782
105827
105853
106073
106347
106407
106628
106722
106757
106766
106877
106947
106952
106957
107065
107221
107321
107338
107448
107477
107515
107528
107585
107607
107650
107652
107831
107934
107993
108015
108030
108043
108052
108058
108068
108069
108071
108072
108073
108078
108083
108089
108096
108100
108114
108115
108116
108155
108686
108705
108897
108903
108911
108995
109079
109246
109254
109294
109305
109332
109333
109342
109552
109620
109676
109689
109711
109880
109905
109934
109978
109979
110058
110094
110095
110157
110168
110197
110279
110304
110308
110326
110350
110355
110380
110454
110557
110596
110637
110696
110789
110829
110834
110835
110855
110862
110876
110880
110886
110891
110893
110895
110902
111174
112403
113845
113846
113847
113848
113849
113850
113851
113852
113853
113854
113855
113856
113857
114141
114229
114332
114479
114584
114644
114654
114713
114715
114716
114873
116701
116731
116733
116837
116873
116914
116972
117149
117160
117167
117591
118446
118454
121021
140475
140492
140493
140494
140497
140498
140546
140559
140570
140571
140580
140723
140741
140795
140904
140918
170483
170484
170571
170625
170639
170643
170677
170736
170741
170743
170756
170757
170758
170788
170790
170799
170835
170935
170952
171095
171166
171171
171180
171209
171284
171382
171395
171429
171463
171469
171486
171504
192157
192161
192167
192188
192198
192212
192216
192650
192678
192786
192897
193034
193385
194352
194401
207227
207495
207683
207728
207742
207818
207911
208098
208169
208171
208177
208188
208449
208628
208666
208715
208836
208846
208890
208898
208908
209039
209195
209224
209354
209512
209513
209517
209588
209590
209776
209837
210044
210094
210108
210198
210274
210711
210933
211383
211577
211578
211612
211652
211666
211914
211924
212518
212541
212670
212919
212989
213053
213171
213208
213233
213439
213452
213527
213550
213556
213696
213788
214058
214459
214469
214585
214922
214968
215008
215113
215303
215335
215446
215449
215615
215632
215654
215705
215728
215798
215854
215855
215856
215859
215929
216028
216148
216197
216225
216505
216560
216565
216643
216749
216760
216805
216829
216856
216869
216964
216991
217124
217143
217258
217302
217303
217304
217305
217306
217316
217325
217344
217369
217371
217480
217517
217692
217721
217866
217869
218066
218203
218236
218397
218503
218518
218699
218756
218952
219140
219257
223254
223604
223864
223881
224020
224055
224109
224116
224129
224171
224624
224661
224753
224754
224756
224761
224792
224794
224814
224826
224912
224938
224997
225030
225115
225152
225164
225192
225256
225341
225392
225471
225600
225608
225644
225865
225870
225997
226101
226115
226255
226278
226304
226352
226422
226744
226778
226781
226844
227059
227120
227288
227289
227325
227326
227333
227394
227618
227632
227648
227737
227743
227746
227753
227801
227937
227960
228003
228026
228140
228228
228355
228357
228359
228432
228543
228576
228777
228812
228836
228852
229214
229277
229320
229323
229357
229473
229499
229521
229658
229699
229709
229714
229715
229722
229933
230073
230098
230099
230103
230126
230157
230163
230235
230558
230726
230735
230751
230775
230777
230810
230822
230828
230857
230863
230872
230959
231003
231134
231290
231382
231440
231470
231549
231602
231637
231760
231821
231830
231871
232086
232146
232237
232333
232370
232408
232409
232413
232431
232670
232748
232790
232910
232973
233016
233046
233067
233071
233079
233080
233081
233187
233221
233222
233246
233280
233406
233489
233571
233649
233651
233670
233805
233865
233878
233919
233979
234214
234267
234353
234388
234577
234664
234700
234740
234779
234839
234857
234889
235072
235106
235180
235256
235281
235312
235379
235402
235415
235442
235504
235505
235527
235574
235604
235611
235661
235854
236643
236781
236792
236794
236930
237038
237175
237213
237310
237313
237397
237422
237636
237716
237759
237831
237847
238055
238076
238252
238257
238266
238276
238377
238725
238871
238875
239096
239134
239188
239217
239250
239273
239283
239336
239420
239436
239530
239556
239759
239766
239845
239857
239931
240028
240047
240095
240239
240595
240638
240660
240725
240752
240754
240776
240816
240873
240888
240899
241070
241073
241112
241201
241226
241263
241275
241296
241308
241528
241568
241576
241612
241633
241638
241639
241694
241727
241794
242022
242093
242122
242151
242274
242409
242425
242443
242653
242667
242700
242735
243043
243084
243270
243277
243328
243499
243547
243634
243659
243743
243764
243853
243911
243961
243978
243979
244058
244202
244233
244238
244310
244373
244431
244631
244646
244667
244682
244701
244886
244895
244911
244958
245020
245424
245537
245616
245684
245827
245886
246049
246133
246154
246177
246190
246313
246317
246709
246727
246746
252837
252972
257890
257898
257959
258304
258307
258308
258310
258318
258319
258327
258361
258362
258417
258418
258428
258488
258489
258490
258491
258492
258498
258565
258566
258573
258581
258585
258602
258679
258697
258727
258728
258729
258730
258731
258732
258733
258734
258738
258742
258757
258769
258770
258771
258869
258923
258926
258927
258928
258939
259001
259005
259012
259013
259017
259161
259300
260297
260409
266632
266744
268345
268445
268512
268534
268566
268882
268890
268934
269019
269053
269060
269109
269116
269275
269295
269356
269473
269513
269587
269589
269604
269608
269615
269702
269784
269831
269955
269994
270120
270152
270160
271457
271639
271849
271944
272381
272636
276742
276952
277010
277328
277360
277468
279653
286940
319197
319200
319229
319239
319387
319430
319504
319508
319565
319583
319642
319710
319757
319767
319845
319848
319875
319924
319942
319945
319984
319998
320091
320100
320355
320398
320454
320495
320563
320571
320634
320707
320736
320772
320795
320802
320832
320840
320873
320940
320981
320982
321019
321022
326623
327655
327826
328778
328789
328833
328949
329064
329252
329324
329416
329628
329679
329693
329795
329877
329919
329954
330192
330260
330267
330814
330836
330908
330914
330953
330962
331374
331461
332396
333050
333433
333715
333883
338337
338346
338365
338370
338375
353155
353283
353346
379043
380705
380714
380732
380924
380959
381058
381077
381204
381269
381290
381293
381409
381413
381489
381560
381582
381629
381810
381813
381853
381886
381974
382014
382018
382348
382427
382551
383348
384061
384783
386649
387285
387349
387513
387524
387565
399510
399548
399549
399603
404194
404235
404236
404237
404242
404545
406176
406186
406218
407821
407831
414089
414801
432442
432450
432530
432763
433485
433926
434130
434246
434800
435206
435207
436090
436440
442827
445007
493583
493809
494504
494546
503558
545622
545817
546644
546729
574402
619697
620235
620246
623781
626596
630294
639545
665270
666048
666060
667281
667742
667977
672682
100041085
100041194
100041546
100113365
100504689
100529082
100534273
