11538
11568
11569
11614
11622
11634
11694
11695
11819
11820
11835
11859
11863
11864
11865
11878
11906
11908
11909
11910
11911
11921
11922
11924
11925
12013
12020
12022
12023
12029
12051
12053
12142
12166
12173
12192
12193
12224
12355
12387
12393
12395
12396
12398
12399
12400
12402
12416
12457
12578
12590
12591
12592
12606
12607
12608
12609
12611
12677
12705
12753
12785
12912
12913
12914
12915
12951
13016
13017
13018
13047
13048
13170
13172
13198
13345
13390
13392
13393
13394
13395
13435
13436
13487
13496
13555
13557
13559
13560
13591
13592
13593
13653
13654
13655
13656
13661
13709
13710
13711
13712
13713
13714
13796
13797
13798
13799
13813
13819
13864
13865
13875
13876
13982
13983
14008
14009
14011
14013
14025
14028
14029
14030
14106
14233
14234
14235
14236
14237
14238
14239
14240
14241
14247
14281
14282
14283
14284
14390
14391
14457
14460
14461
14462
14463
14464
14465
14472
14531
14536
14581
14582
14605
14632
14633
14634
14815
14836
14842
14843
14885
14886
14912
15110
15111
15161
15163
15182
15191
15205
15206
15207
15208
15209
15213
15214
15218
15220
15221
15223
15227
15228
15229
15242
15248
15251
15260
15273
15284
15285
15353
15361
15364
15370
15371
15372
15373
15375
15376
15377
15378
15379
15384
15394
15395
15396
15398
15399
15400
15401
15402
15403
15404
15405
15407
15408
15410
15412
15413
15414
15415
15416
15417
15421
15422
15423
15424
15425
15426
15429
15430
15431
15432
15433
15434
15436
15437
15438
15460
15499
15500
15900
15901
15903
16201
16362
16363
16364
16371
16372
16373
16391
16392
16468
16476
16477
16478
16596
16597
16598
16599
16600
16601
16656
16658
16764
16814
16815
16842
16869
16870
16871
16872
16873
16874
16875
16876
16909
16911
16917
16918
16969
17095
17119
17121
17122
17125
17126
17127
17128
17129
17130
17131
17132
17133
17134
17135
17172
17173
17187
17188
17190
17257
17258
17259
17260
17261
17268
17285
17286
17292
17293
17300
17301
17341
17342
17354
17355
17387
17425
17428
17450
17536
17537
17681
17684
17692
17701
17702
17764
17765
17863
17864
17865
17869
17877
17878
17927
17928
17932
17933
18012
18013
18014
18018
18019
18021
18022
18023
18024
18025
18027
18029
18030
18032
18033
18034
18044
18045
18046
18071
18072
18088
18089
18091
18092
18094
18095
18096
18103
18109
18124
18128
18129
18131
18132
18139
18140
18142
18143
18171
18181
18185
18227
18291
18292
18420
18423
18424
18426
18503
18504
18505
18506
18507
18508
18509
18510
18511
18514
18515
18516
18609
18612
18616
18667
18673
18676
18685
18736
18740
18741
18742
18771
18813
18854
18933
18935
18983
18986
18987
18988
18991
18992
18993
18994
18996
18997
18998
18999
19009
19013
19014
19015
19016
19018
19090
19099
19127
19130
19183
19213
19290
19291
19401
19411
19434
19645
19650
19651
19664
19668
19696
19697
19698
19712
19720
19724
19725
19726
19727
19822
19883
19885
19989
20181
20182
20183
20185
20186
20204
20230
20231
20286
20289
20371
20375
20402
20429
20464
20465
20466
20471
20472
20473
20474
20475
20476
20583
20585
20586
20591
20613
20664
20665
20666
20667
20668
20669
20670
20671
20672
20674
20675
20677
20678
20679
20680
20681
20682
20683
20687
20688
20728
20787
20788
20807
20846
20847
20848
20849
20850
20851
20852
20893
20922
20926
20997
21340
21343
21349
21350
21372
21374
21375
21380
21384
21385
21386
21387
21388
21389
21405
21406
21407
21408
21410
21411
21412
21413
21414
21415
21416
21417
21418
21419
21420
21422
21423
21425
21426
21427
21428
21652
21676
21677
21678
21679
21685
21769
21780
21781
21807
21815
21833
21834
21847
21849
21869
21907
21908
21909
21973
21974
22025
22026
22059
22061
22062
22160
22184
22221
22255
22259
22260
22278
22282
22286
22324
22326
22337
22344
22385
22401
22404
22418
22431
22433
22608
22632
22640
22642
22646
22648
22654
22658
22661
22666
22678
22680
22682
22685
22687
22688
22689
22690
22691
22693
22695
22696
22697
22701
22702
22704
22709
22715
22720
22722
22724
22746
22750
22751
22754
22757
22758
22761
22762
22763
22764
22770
22771
22772
22773
22775
22778
22779
22780
22781
23808
23849
23857
23871
23872
23877
23894
23942
23957
23958
24074
24075
24105
24113
24136
26379
26380
26381
26386
26423
26424
26427
26465
26466
26919
26927
26940
27049
27056
27140
27206
27217
27274
27386
27801
29805
29808
29813
29871
30046
30051
30923
30927
30928
30932
30939
30942
30944
50496
50524
50754
50794
50796
50817
50887
50907
50913
50914
50916
51886
52231
52397
52502
52521
52679
52708
52712
52838
52915
53314
53404
53417
53422
53626
53861
53970
54123
54131
54139
54352
54367
54422
54446
54601
54711
54713
54720
54723
55927
55994
56184
56198
56218
56296
56314
56321
56364
56381
56449
56458
56484
56490
56501
56525
56700
56707
56711
56722
56787
56805
56809
56856
57080
57246
57247
57432
57745
57765
57782
57908
58180
58198
58206
58208
58805
59016
59022
59057
59058
60611
63872
64050
64290
64379
64406
64453
65020
65098
65100
66056
66118
66220
66233
66277
66352
66361
66464
66492
66505
66526
66556
66758
66855
66863
66867
66935
66980
66983
67106
67109
67143
67150
67178
67187
67197
67199
67210
67230
67235
67255
67260
67302
67341
67367
67370
67538
67778
67781
67871
67911
67917
67966
68036
68040
68098
68268
68310
68379
68479
68490
68520
68611
68703
68744
68750
68770
68818
68837
68842
68910
68992
69009
69020
69035
69082
69085
69125
69228
69234
69256
69257
69743
69747
69752
69852
69890
70103
70227
70427
70472
70508
70546
70579
70605
70650
70673
70769
70779
70887
71041
71063
71066
71093
71131
71137
71148
71164
71241
71375
71591
71597
71722
71834
71861
71918
71949
71950
71971
72008
72020
72033
72114
72154
72180
72230
72306
72465
72504
72556
72567
72580
72611
72667
72672
72693
72720
72723
72739
72805
72843
72881
73181
73191
73274
73389
73680
73754
73884
73916
74120
74123
74132
74164
74168
74318
74322
74343
74352
74400
74434
74464
74481
74522
74533
74570
74843
75064
75079
75291
75316
75410
75507
75553
75580
75605
75746
75753
75871
75965
76007
76014
76022
76365
76467
76893
77110
77128
77264
77286
77519
77630
77771
78251
78266
78284
78287
78455
78619
78656
78751
78781
78783
78796
78829
78834
78891
78912
79233
79362
79401
80292
80720
80732
80892
80902
81004
81630
81703
81879
81909
83383
83395
83396
83925
83993
84653
93681
93691
93736
94186
94187
94222
97165
98403
98558
98999
99334
99377
99730
99982
100072
100090
100177
100182
100494
100515
100978
101023
101095
101206
101544
101994
102162
102193
102209
102423
102442
103284
103836
103889
104156
104263
104360
104382
104383
104394
106143
106205
106298
106795
107182
107503
107586
107765
107815
107823
107889
108143
108655
108672
108946
108961
109108
109263
109575
109594
109663
109889
109910
109929
110521
110593
110648
110784
110794
110796
110805
114142
114565
114602
114604
114674
114712
114889
116810
116848
116870
116871
118445
140477
140482
140489
142682
170574
170644
170729
170734
170740
170753
170767
192195
192651
193043
193452
193736
194655
195018
195209
195333
195522
195733
207259
207785
208076
208104
208647
208677
208884
208968
209032
209225
209357
209446
209448
210104
210105
210135
210162
210172
210503
210719
211134
211468
211586
211978
212139
212168
212391
212712
213011
213054
213234
213436
213753
214105
214162
214290
214812
214899
215418
215693
216049
216285
216345
217031
217069
217082
217127
217166
217578
217695
218030
218100
218441
218613
218772
218820
219105
219150
223227
223642
223669
223701
223773
223843
223922
224170
224454
224613
224656
224829
225160
225207
225631
225872
225908
225998
226049
226075
226182
226409
226442
226470
226641
226747
226896
227449
227606
227631
227644
227656
228136
228491
228598
228731
228807
228829
228839
228876
228880
228911
228913
228980
229007
229055
229542
229937
230025
230119
230162
230587
230594
230597
230700
230738
230761
230824
230848
230908
231044
231125
231712
231866
231986
232077
232337
232430
232679
232784
232816
232854
232878
232879
232906
232934
232969
232976
233056
233060
233410
233490
233887
233890
233893
233905
234219
234366
234725
235028
235132
235134
235320
235469
235682
235956
236193
237052
237256
237558
237758
237775
238247
238317
238331
238673
238690
238803
239099
239546
239652
239719
240034
240064
240068
240186
240442
240476
240590
240690
240869
241066
241311
241322
241447
241494
241514
241764
242109
242466
242509
242523
242620
242705
243372
243833
243834
243906
243931
243937
243963
243983
244216
244219
244556
244713
244721
244813
244871
244879
245007
245308
245368
245522
245572
245583
245595
245596
245671
246086
246196
252973
260298
268294
268297
268417
268469
268564
269023
269389
269401
269585
269610
269639
269704
269800
269854
269870
270004
271377
272322
272347
272382
277353
319475
319530
319535
319601
319740
319758
319817
319832
319944
320080
320145
320150
320158
320267
320522
320633
320683
320799
320995
327963
327992
328365
328572
328801
329002
329003
329559
329934
330230
330301
330361
330463
330502
330959
332175
332221
332934
332937
338354
338467
353187
353310
360216
378435
380993
381305
381319
381359
381410
381549
381678
381867
381990
382066
382074
382867
383491
384452
384763
385674
387609
407786
407823
431706
432731
433182
433759
433801
433968
434174
434178
434377
434484
436240
448850
449000
449521
474156
503610
544922
545474
545975
546801
547176
574428
619287
619310
619331
619605
619665
622675
627049
627624
654801
664799
666311
666528
668166
668501
672284
100009600
100039681
100041581
100043757
