14
19
21
26
29
40
41
43
47
51
55
60
71
86
87
91
92
93
100
101
102
107
108
109
111
112
113
114
115
117
118
119
120
123
134
135
136
140
146
147
148
150
151
152
153
154
155
156
159
160
161
163
177
182
185
186
187
203
207
208
218
221
229
246
247
248
249
250
251
259
284
285
286
287
288
301
302
306
307
310
312
314
320
321
322
324
333
334
335
338
343
348
355
356
357
358
359
360
361
362
364
366
368
375
379
381
382
387
388
389
391
392
399
408
409
412
417
420
421
444
462
476
477
478
479
480
481
482
483
486
490
491
492
493
495
496
498
506
523
526
528
535
538
539
552
553
554
558
563
567
575
576
577
608
610
623
624
629
631
634
643
645
658
659
672
673
680
682
683
684
685
695
718
719
720
721
722
725
728
735
747
752
755
757
760
762
768
771
773
774
775
776
777
778
779
780
785
790
799
800
801
805
808
816
817
818
823
824
825
826
828
836
846
847
857
858
859
868
886
887
889
909
910
911
913
914
915
916
917
919
920
921
924
925
926
927
928
929
930
939
940
941
943
945
947
948
949
952
953
955
956
958
959
960
961
962
963
965
966
967
968
970
971
972
973
974
975
976
977
987
989
998
1000
1001
1002
1003
1004
1005
1006
1007
1008
1009
1010
1012
1013
1015
1016
1080
1087
1088
1128
1129
1131
1132
1133
1134
1135
1136
1137
1138
1139
1141
1142
1143
1144
1145
1146
1154
1173
1175
1179
1180
1181
1182
1187
1188
1192
1201
1207
1211
1212
1213
1230
1232
1233
1234
1235
1236
1237
1238
1240
1241
1244
1258
1259
1267
1268
1269
1272
1305
1308
1312
1315
1317
1363
1364
1368
1378
1380
1394
1395
1398
1410
1435
1436
1438
1439
1445
1453
1457
1460
1490
1493
1495
1497
1500
1511
1522
1524
1525
1535
1536
1601
1604
1605
1606
1607
1608
1609
1612
1627
1636
1733
1734
1735
1739
1740
1741
1742
1743
1759
1760
1785
1797
1800
1803
1804
1812
1813
1814
1815
1816
1821
1823
1824
1825
1826
1828
1829
1830
1832
1836
1839
1856
1880
1889
1896
1901
1902
1903
1909
1910
1938
1942
1943
1944
1945
1946
1947
1948
1949
1950
1951
1952
1956
1967
1969
1983
2011
2012
2013
2014
2026
2027
2028
2030
2035
2036
2037
2038
2039
2041
2042
2043
2044
2045
2046
2047
2048
2049
2050
2051
2054
2060
2064
2065
2066
2098
2147
2149
2150
2151
2152
2153
2155
2157
2158
2159
2160
2161
2180
2189
2191
2194
2195
2196
2204
2205
2206
2207
2208
2209
2210
2212
2213
2214
2215
2217
2237
2239
2243
2244
2255
2258
2260
2261
2262
2263
2264
2266
2268
2273
2316
2317
2318
2319
2321
2324
2346
2348
2357
2358
2359
2492
2515
2532
2533
2534
2535
2537
2550
2554
2555
2556
2557
2558
2559
2560
2561
2562
2566
2567
2569
2570
2571
2572
2583
2587
2596
2597
2619
2641
2642
2652
2674
2675
2676
2678
2683
2687
2690
2692
2693
2696
2697
2706
2719
2733
2734
2740
2741
2742
2743
2765
2767
2768
2769
2770
2771
2773
2774
2775
2776
2778
2779
2780
2781
2782
2783
2784
2785
2786
2787
2788
2790
2791
2792
2793
2798
2806
2811
2812
2813
2814
2815
2817
2821
2823
2824
2826
2828
2829
2831
2832
2833
2834
2837
2840
2841
2846
2847
2850
2852
2853
2855
2856
2861
2862
2863
2864
2865
2867
2869
2885
2886
2887
2888
2890
2891
2892
2893
2894
2895
2897
2898
2899
2900
2901
2902
2903
2904
2905
2906
2911
2912
2913
2914
2915
2916
2917
2918
2925
2932
2934
2950
2956
2977
2978
2982
2983
2984
2993
2994
2995
2996
3028
3036
3038
3061
3062
3069
3077
3094
3105
3106
3107
3111
3113
3115
3117
3118
3119
3120
3122
3123
3125
3126
3127
3133
3134
3135
3136
3140
3157
3161
3163
3177
3249
3265
3266
3269
3273
3274
3309
3312
3315
3320
3329
3339
3350
3351
3352
3354
3355
3356
3357
3358
3359
3360
3361
3362
3363
3384
3385
3386
3416
3454
3455
3459
3460
3480
3495
3507
3514
3537
3538
3539
3542
3549
3554
3556
3557
3559
3560
3561
3563
3568
3570
3572
3575
3577
3579
3587
3588
3597
3611
3622
3632
3633
3636
3643
3654
3655
3656
3667
3672
3673
3674
3675
3676
3678
3679
3680
3681
3682
3683
3684
3685
3687
3688
3689
3690
3691
3693
3694
3695
3696
3700
3709
3710
3714
3730
3732
3735
3736
3737
3738
3739
3741
3742
3743
3744
3745
3746
3747
3748
3749
3750
3751
3752
3753
3754
3755
3756
3757
3758
3759
3760
3761
3762
3763
3764
3765
3766
3767
3768
3770
3772
3773
3775
3776
3777
3778
3779
3780
3781
3782
3783
3784
3785
3786
3787
3788
3790
3791
3792
3802
3803
3804
3805
3806
3809
3810
3811
3812
3813
3815
3818
3820
3821
3822
3824
3827
3845
3848
3852
3880
3897
3903
3916
3920
3921
3932
3936
3938
3949
3953
3958
3960
3973
3981
3982
3987
3993
3996
4012
4023
4026
4035
4036
4040
4041
4043
4045
4046
4049
4050
4055
4058
4059
4062
4064
4067
4072
4082
4099
4100
4131
4134
4137
4139
4140
4142
4155
4157
4158
4159
4160
4161
4162
4163
4179
4185
4191
4193
4218
4225
4233
4238
4254
4258
4267
4277
4284
4301
4308
4311
4313
4324
4325
4340
4345
4352
4359
4360
4363
4430
4478
4481
4504
4534
4543
4544
4615
4627
4628
4641
4646
4651
4680
4682
4684
4685
4690
4734
4758
4771
4792
4804
4829
4836
4846
4868
4881
4882
4883
4884
4886
4887
4889
4891
4893
4897
4905
4907
4914
4919
4920
4921
4923
4925
4931
4935
4940
4952
4973
4974
4978
4982
4985
4986
4987
4988
4991
4992
4993
4994
4995
4998
5002
5010
5021
5023
5025
5027
5028
5029
5030
5031
5032
5045
5049
5054
5055
5058
5062
5063
5064
5067
5074
5097
5098
5099
5100
5101
5127
5133
5138
5145
5146
5148
5156
5158
5159
5167
5168
5170
5173
5174
5175
5218
5243
5244
5251
5255
5256
5257
5284
5286
5287
5288
5290
5291
5293
5294
5295
5297
5305
5310
5311
5315
5317
5318
5322
5328
5329
5333
5334
5335
5336
5338
5339
5340
5348
5349
5354
5355
5359
5361
5362
5364
5365
5376
5412
5413
5420
5426
5445
5493
5499
5515
5531
5532
5540
5547
5551
5567
5575
5576
5577
5578
5579
5580
5581
5582
5583
5584
5585
5586
5587
5588
5590
5592
5602
5604
5618
5621
5627
5652
5657
5662
5663
5664
5681
5685
5724
5726
5727
5728
5729
5731
5732
5733
5734
5737
5739
5745
5746
5747
5770
5771
5782
5783
5786
5788
5790
5791
5795
5800
5801
5817
5818
5819
5829
5836
5864
5865
5867
5868
5869
5872
5878
5879
5880
5881
5894
5898
5899
5906
5908
5911
5912
5913
5923
5924
5962
5972
5979
5996
5997
5998
5999
6000
6001
6002
6003
6004
6005
6010
6014
6016
6051
6091
6093
6098
6102
6121
6233
6236
6237
6259
6261
6262
6272
6279
6280
6283
6307
6323
6326
6328
6329
6331
6332
6334
6335
6336
6337
6338
6339
6340
6344
6376
6382
6383
6385
6386
6398
6401
6402
6403
6404
6422
6444
6445
6446
6453
6456
6461
6464
6469
6476
6477
6490
6494
6505
6506
6507
6508
6509
6510
6511
6512
6513
6514
6515
6517
6518
6519
6520
6521
6522
6523
6524
6526
6528
6529
6530
6531
6532
6533
6534
6535
6536
6538
6539
6540
6541
6542
6543
6546
6547
6548
6549
6550
6553
6554
6555
6557
6558
6559
6560
6561
6563
6564
6565
6566
6568
6569
6571
6572
6573
6574
6575
6578
6579
6580
6581
6582
6583
6584
6608
6609
6610
6614
6616
6622
6647
6654
6675
6677
6693
6714
6731
6732
6744
6751
6752
6753
6754
6755
6768
6780
6793
6804
6809
6810
6812
6813
6814
6833
6835
6840
6844
6845
6850
6857
6860
6861
6863
6865
6868
6869
6870
6885
6900
6915
6975
6976
6997
6998
7007
7010
7035
7037
7039
7040
7043
7045
7046
7048
7056
7070
7082
7087
7094
7096
7097
7099
7100
7106
7113
7124
7132
7133
7173
7184
7189
7200
7201
7203
7205
7216
7220
7222
7223
7224
7225
7226
7248
7253
7275
7287
7289
7292
7305
7311
7314
7316
7320
7323
7345
7375
7401
7402
7408
7410
7412
7414
7416
7430
7431
7433
7434
7436
7439
7442
7455
7462
7472
7473
7475
7476
7477
7508
7512
7520
7525
7533
7535
7779
7780
7783
7784
7786
7791
7804
7809
7827
7850
7851
7852
7855
7881
7923
7932
7957
7976
7991
8000
8001
8029
8038
8065
8073
8111
8140
8170
8174
8189
8200
8291
8312
8313
8321
8322
8323
8324
8325
8326
8383
8386
8387
8388
8389
8390
8391
8392
8394
8396
8417
8419
8434
8437
8447
8448
8450
8455
8471
8473
8477
8482
8484
8490
8492
8496
8501
8502
8514
8515
8516
8519
8525
8526
8527
8549
8567
8577
8578
8581
8590
8600
8601
8611
8612
8613
8631
8633
8639
8641
8642
8647
8650
8655
8660
8671
8673
8676
8685
8692
8698
8714
8718
8723
8727
8729
8740
8742
8744
8745
8747
8748
8751
8756
8763
8764
8766
8773
8776
8784
8786
8787
8792
8795
8797
8801
8802
8809
8811
8825
8826
8828
8829
8832
8839
8841
8842
8843
8851
8853
8874
8875
8876
8877
8883
8884
8895
8904
8909
8910
8911
8912
8913
8915
8934
8935
8941
8972
8973
8989
8995
9002
9033
9034
9037
9049
9052
9055
9056
9057
9058
9066
9071
9073
9074
9075
9077
9080
9097
9098
9103
9123
9132
9138
9148
9152
9153
9154
9162
9166
9170
9173
9177
9187
9194
9196
9213
9218
9223
9231
9254
9262
9265
9266
9267
9270
9283
9288
9290
9294
9308
9311
9312
9332
9340
9341
9342
9351
9353
9356
9362
9363
9364
9365
9367
9368
9376
9378
9397
9398
9399
9404
9414
9416
9424
9429
9436
9437
9445
9450
9454
9455
9456
9463
9465
9475
9478
9495
9497
9498
9500
9501
9515
9528
9530
9531
9542
9545
9550
9557
9564
9568
9578
9590
9610
9618
9620
9628
9629
9630
9635
9638
9649
9650
9651
9672
9677
9693
9696
9708
9712
9735
9747
9752
9780
9781
9833
9843
9844
9846
9847
9848
9856
9860
9863
9867
9886
9892
9899
9900
9928
9929
9934
9962
9963
9966
9976
9982
9990
9992
10000
10021
10052
10057
10058
10060
10072
10076
10079
10082
10083
10089
10098
10103
10109
10123
10124
10125
10126
10130
10146
10148
10154
10156
10159
10161
10178
10188
10198
10203
10205
10207
10211
10219
10225
10228
10232
10235
10242
10243
10244
10252
10253
10256
10257
10266
10267
10268
10273
10276
10287
10288
10300
10312
10316
10324
10326
10333
10343
10345
10347
10351
10368
10369
10384
10396
10397
10410
10411
10422
10423
10435
10437
10451
10458
10461
10462
10479
10486
10487
10497
10500
10501
10505
10507
10519
10544
10560
10562
10567
10568
10580
10581
10599
10602
10603
10617
10618
10630
10633
10636
10663
10666
10672
10673
10681
10686
10699
10723
10735
10752
10786
10791
10798
10800
10803
10817
10818
10825
10859
10861
10863
10864
10867
10870
10886
10887
10890
10892
10894
10900
10913
10938
10942
10955
10966
10970
10972
10988
10991
10999
11006
11010
11018
11021
11024
11026
11033
11035
11045
11047
11059
11069
11080
11085
11094
11104
11118
11119
11122
11126
11132
11135
11136
11141
11149
11151
11156
11160
11171
11180
11181
11182
11183
11186
11187
11188
11193
11213
11216
11235
11250
11251
11254
11255
11261
11280
11309
11314
11315
11318
11337
11343
22800
22801
22802
22808
22822
22841
22844
22859
22866
22871
22875
22895
22914
22917
22918
22925
22929
22931
22941
22943
22950
22983
22985
22987
22997
22999
23002
23007
23022
23026
23048
23075
23108
23111
23114
23118
23120
23122
23129
23136
23139
23149
23166
23167
23171
23180
23184
23196
23200
23208
23209
23210
23213
23214
23221
23234
23237
23239
23240
23242
23244
23247
23250
23256
23263
23265
23295
23299
23301
23304
23305
23308
23327
23329
23344
23368
23371
23378
23380
23385
23413
23415
23416
23426
23428
23433
23446
23495
23499
23504
23507
23513
23516
23532
23538
23539
23545
23550
23551
23555
23562
23566
23580
23594
23601
23607
23612
23620
23621
23627
23632
23643
23647
23657
23682
23705
23732
23759
24141
24145
25759
25769
25780
25782
25800
25801
25805
25814
25837
25844
25849
25865
25932
25939
25945
25960
25977
25978
25999
26000
26025
26031
26034
26051
26086
26133
26135
26136
26154
26166
26167
26184
26188
26189
26211
26212
26219
26245
26246
26248
26251
26253
26266
26285
26333
26338
26339
26341
26470
26476
26492
26493
26494
26496
26497
26503
26505
26507
26509
26511
26529
26531
26532
26533
26534
26538
26539
26575
26595
26648
26658
26659
26664
26682
26683
26686
26687
26689
26692
26693
26696
26707
26716
26735
26737
26740
26872
26960
26996
27012
27035
27036
27040
27071
27092
27094
27106
27111
27124
27128
27132
27133
27151
27173
27180
27183
27197
27198
27199
27201
27202
27239
27240
27242
27253
27255
27289
27297
27328
27334
27345
27346
28231
28232
28234
28299
28316
28442
28454
28513
28514
28577
28639
28755
28776
28834
28874
28876
28896
28908
28912
28916
28965
28977
28982
28988
29082
29091
29098
29116
29121
29123
29126
29760
29763
29780
29850
29851
29881
29924
29930
29933
29978
29979
29984
29985
29986
29988
29993
30011
30061
30815
30816
30817
30835
30837
30844
30846
30851
49861
50487
50489
50508
50617
50619
50636
50801
50831
50832
50833
50834
50835
50836
50837
50838
50839
50840
50846
50848
50852
50855
50856
50863
50937
50944
51057
51084
51094
51107
51135
51143
51148
51150
51160
51177
51196
51206
51208
51209
51232
51271
51284
51289
51293
51294
51299
51305
51310
51330
51347
51348
51374
51379
51393
51429
51449
51458
51474
51475
51478
51552
51554
51557
51599
51606
51652
51655
51678
51704
51705
51715
51735
51741
51744
51754
51760
51761
51762
51763
51764
51768
51802
53344
53358
53373
53616
53637
53822
53826
53828
53829
53832
53833
53834
53838
53841
53842
53916
53919
53942
54102
54106
54207
54209
54210
54328
54329
54331
54346
54361
54407
54429
54434
54464
54509
54510
54536
54567
54586
54660
54716
54734
54737
54742
54769
54795
54798
54821
54822
54843
54857
54874
54894
54899
54900
54905
54923
54933
54946
55003
55004
55016
55068
55080
55089
55103
55107
55113
55114
55117
55129
55144
55183
55188
55215
55243
55244
55256
55273
55283
55288
55291
55327
55350
55359
55366
55423
55500
55503
55507
55512
55532
55558
55559
55573
55576
55584
55591
55620
55630
55640
55654
55667
55679
55704
55707
55716
55740
55742
55761
55763
55770
55788
55800
55803
55811
55824
55829
55851
55867
55879
55904
55911
55914
55915
55920
55959
55968
55970
55971
55974
55975
55997
56034
56097
56098
56099
56100
56101
56102
56103
56104
56105
56106
56107
56108
56109
56110
56111
56112
56113
56114
56122
56123
56126
56127
56128
56129
56131
56136
56137
56147
56172
56241
56246
56253
56262
56288
56301
56302
56341
56413
56479
56606
56623
56624
56656
56659
56666
56670
56704
56776
56882
56894
56907
56923
56928
56937
56963
56990
57007
57026
57030
57047
57048
57085
57088
57101
57104
57105
57113
57120
57121
57125
57126
57127
57142
57153
57154
57158
57172
57175
57186
57191
57192
57194
57198
57205
57211
57214
57216
57228
57282
57292
57338
57348
57369
57381
57402
57403
57419
57449
57451
57453
57468
57486
57502
57509
57512
57515
57526
57534
57549
57553
57556
57561
57575
57578
57580
57584
57586
57600
57611
57620
57628
57650
57657
57669
57678
57692
57704
57715
57716
57717
57719
57722
57731
57761
57799
57823
57826
57828
57829
57835
57863
57864
58191
58480
58494
58513
58515
58530
58985
58986
59084
59272
59277
59283
59338
59339
59340
59341
59345
59350
59352
60358
60401
60412
60437
60482
60495
60626
60682
63826
63928
63982
64005
64006
64061
64072
64078
64083
64096
64098
64106
64109
64116
64123
64127
64130
64170
64215
64218
64220
64240
64241
64283
64284
64386
64398
64400
64403
64405
64407
64411
64581
64582
64750
64762
64781
64787
64805
64838
64849
64855
64866
64881
65010
65059
65078
65108
65110
65217
65268
65944
66004
66035
79009
79012
79026
79054
79058
79092
79109
79274
79290
79295
79296
79310
79317
79324
79334
79339
79345
79346
79368
79412
79465
79470
79473
79482
79490
79501
79541
79544
79549
79570
79571
79602
79628
79633
79651
79652
79658
79659
79674
79689
79713
79720
79778
79820
79827
79834
79850
79853
79865
79892
79895
79901
79930
79934
79937
79971
80023
80024
80031
80036
80045
80115
80131
80144
80196
80208
80243
80308
80325
80329
80331
80333
80380
80704
80723
80727
80736
80739
80740
80761
80772
80834
80835
80852
80863
80975
81029
81031
81033
81035
81050
81061
81099
81127
81168
81193
81228
81248
81282
81285
81300
81309
81315
81318
81327
81328
81341
81392
81399
81406
81431
81442
81448
81458
81466
81469
81470
81472
81491
81502
81539
81575
81607
81614
81618
81619
81671
81693
81696
81697
81793
81797
83259
83416
83417
83444
83446
83464
83548
83604
83639
83660
83692
83697
83698
83700
83737
83742
83756
83795
83849
83851
83873
83874
83886
83953
83987
84059
84061
84063
84069
84079
84100
84102
84109
84133
84141
84168
84174
84210
84218
84230
84231
84239
84251
84258
84260
84272
84281
84290
84329
84364
84433
84501
84502
84513
84539
84552
84570
84612
84623
84632
84634
84658
84660
84668
84687
84694
84812
84830
84866
84879
84889
84894
84902
84904
84918
84932
84957
84958
84975
84988
84992
85021
85315
85320
85358
85397
85407
85413
85450
85455
85456
88455
89122
89790
89822
89845
89853
89872
89941
90019
90102
90134
90249
90313
90342
90427
90527
90625
90861
90952
91010
91433
91522
91584
91608
91653
91663
91683
91947
92162
92359
92714
92737
92745
93107
93185
93377
93643
93978
94015
94025
94120
94121
94122
94233
94235
112476
112609
112755
113026
113130
113146
113235
113278
113791
114134
114299
114609
114625
114784
114787
114788
114814
114836
114880
114881
114990
115019
115098
115111
115350
115352
115548
115557
115584
115650
115653
115677
115703
115727
115752
115827
116085
116238
116337
116369
116372
116379
116442
116443
116444
116496
116511
116841
116985
117144
117145
117155
117247
117584
118429
118442
118788
119678
119679
119682
119687
119692
119694
119695
119749
119764
119765
119772
119774
120065
120066
120114
120425
120586
120775
120776
120787
120793
120796
120892
121129
121130
121227
121275
121364
121441
121601
122042
122740
122742
122748
122786
123036
123041
123264
123591
123606
123872
123879
123904
124056
124446
124460
124538
124590
124599
124925
124930
124935
125206
125958
125962
125963
126014
126259
126353
126370
126541
126567
126755
126969
127059
127062
127064
127066
127068
127069
127074
127077
127124
127385
127608
127617
127623
127833
128360
128366
128368
128371
128372
128414
128674
128853
128869
129303
129401
130074
130075
130132
130271
130399
130576
130612
131450
132112
132724
133121
133396
134083
134265
134860
134864
134957
135228
135250
135924
135941
135946
135948
136227
137075
137735
137797
138799
138802
138803
138804
138805
138881
138882
138883
139189
139285
139411
139760
140576
140679
140691
140735
140803
140885
142680
142684
143425
143458
143496
143502
143503
143662
144124
144125
144245
145264
145389
145741
145957
146059
146395
146722
146802
146909
147409
147719
148170
148229
148252
148281
148738
149371
149466
149998
150084
150159
150165
150274
150372
150681
151056
151306
151473
151888
152330
152404
152503
152831
153090
153201
154064
154091
154215
154881
155184
157638
157657
157855
158131
159371
160364
160365
160728
160851
161253
161291
161357
161582
161742
162514
162998
163702
163882
164091
164633
164656
165140
165829
166929
169026
169522
169714
170482
170572
170850
171169
171177
171389
192683
196051
196335
196527
196740
196883
197259
200010
200734
200879
200909
200931
200959
201134
201163
201266
202309
202374
203245
203328
203413
203859
204962
205147
206358
219287
219417
219428
219429
219431
219432
219436
219437
219438
219447
219453
219464
219469
219473
219477
219479
219482
219484
219487
219493
219527
219771
219790
219844
219858
219865
219869
219870
219873
219874
219875
219931
219952
219954
219956
219957
219958
219959
219960
219965
219968
219981
219982
219983
219986
220963
221074
221184
221395
221477
221914
221955
221981
222256
222487
222545
222962
223082
252995
253559
253725
254428
254783
254786
254879
254973
255231
255725
255738
255928
256144
256148
256892
257062
257144
257194
257397
257629
258010
259197
259215
259230
259232
259285
259286
259287
259289
259290
259291
259292
259293
259294
259295
259296
260425
261729
266727
266977
282679
282763
282770
282775
282808
283092
283093
283110
283111
283159
283160
283162
283189
283297
283316
283349
283365
283383
283617
283694
284111
284114
284129
284254
284266
284348
284359
284383
284433
284521
284532
284656
285175
285220
285242
285335
285464
285489
285613
285659
285704
285966
286183
286204
286362
286365
286410
286530
286676
317701
317702
317703
317705
317754
326624
338339
338398
338440
338442
338557
338567
338662
338674
338675
338692
338751
338755
338821
339221
339390
339403
340024
340061
340205
340273
340348
340980
341152
341276
341359
341416
341418
341568
341640
341799
342035
342184
342372
342510
342979
343169
343171
343172
343173
343406
343563
344561
344805
344892
344905
345274
346517
346525
346528
346562
347168
347169
347468
347732
347902
348932
348980
350383
353091
353116
353164
353174
353189
353299
353376
360226
374383
374403
374868
375307
375387
376267
376497
377841
378807
387129
387509
387680
387748
387815
387836
387837
388121
388125
388419
388761
389015
389090
389118
389158
389400
389434
389827
390036
390037
390038
390053
390054
390058
390059
390061
390063
390064
390066
390067
390072
390073
390075
390077
390078
390079
390081
390082
390083
390084
390093
390113
390134
390142
390144
390148
390151
390152
390154
390155
390157
390162
390167
390168
390174
390181
390190
390191
390195
390197
390199
390201
390243
390260
390261
390264
390265
390266
390271
390275
390321
390323
390326
390327
390429
390431
390432
390433
390436
390437
390439
390441
390442
390445
390538
390648
390649
390882
390883
390892
390894
391107
391109
391112
391114
391121
391189
391190
391191
391192
391194
391195
391196
391211
391475
392133
392138
392309
392311
392376
392390
392391
392392
393046
394263
399694
400258
400709
401190
401258
401409
401427
401663
401665
401666
401667
401973
401992
401993
401994
402135
402317
402415
402665
402778
403239
403244
403253
403257
403273
403274
403277
403278
403282
403284
405754
414059
414060
415117
431704
431705
440279
440435
440699
440712
440786
441308
441608
441639
441669
441670
441911
441931
441932
441933
442179
442184
442185
442186
442191
442194
442197
442361
449619
503542
504189
504190
553128
594855
641700
643338
643752
644076
644672
644994
646627
653145
728441
728458
729230
729359
729759
729873
729877
768211
100049587
100129669
100131439
100132285
100132417
100132463
100132963
100133941
100134444
100191040
100288814
100506658
100507321
100528032
100616101
100616103
100775105
100862683
100862685
100862693
100862694
101060321
101060351
102723859
102724862
