10002
100036519
10009
100101467
100125288
100129543
100129842
100129885
100130086
100130863
100131017
100131827
100131980
100132074
100132396
100170646
100187701
100271849
100293888
100506164
100510018
100510744
10062
10113
10127
10153
10155
10168
10172
10194
10215
10224
10260
10265
1029
10302
10308
10320
10346
10362
10363
10365
10370
10379
10389
1044
1045
1046
10463
10467
10472
10474
10481
10488
1050
1051
1052
10520
1053
10538
1054
10573
10589
10608
10616
10626
10655
10660
10661
10664
10691
10716
10725
10732
10736
10745
10765
10771
10773
10780
10781
10782
10793
10794
10795
10838
10902
10906
10943
11016
11023
11063
11107
11108
1112
11143
11166
11176
11177
11178
11179
11244
11262
112770
11278
11279
11281
11317
113835
114026
114821
114991
115196
115509
115560
115950
116071
116113
116115
116225
116412
116448
117581
117608
118472
118490
118738
118813
120237
121274
121340
121536
121549
121599
121643
122953
124245
124411
124535
124961
125150
125893
125919
126017
126068
126069
126070
126208
126231
126295
126299
126375
126626
127343
127396
127428
127665
128209
128408
128553
128611
129025
130557
130617
131096
131540
1316
132625
133923
134187
135935
136051
136259
137209
137814
1385
1386
1387
1388
1389
1390
139324
139628
139735
140467
1406
140612
140628
140685
140690
140831
140883
144348
144455
145258
145873
146050
146198
146434
146540
146542
147657
147658
147660
147686
147687
147694
147741
147807
147808
147837
147912
147923
147929
147948
147949
148103
148156
148198
1482
148206
148213
148254
148266
148268
148327
1487
1488
148979
149041
149076
1499
150921
151112
151126
152098
1523
152485
152518
152687
153222
153527
153572
155054
155060
155061
157848
158399
158431
158506
158586
158800
158866
159119
159296
161882
162239
162655
1628
162962
162963
162966
162967
162968
162972
162979
162993
163033
163049
163050
163051
163059
163071
163081
163087
163115
163131
163223
163227
163255
1649
165
166793
166968
167465
167826
168374
168544
168620
168850
169270
169792
169841
170261
170302
170825
170959
170960
171017
171392
1745
1746
1747
1748
1749
1750
1761
1788
1789
1811
1820
1827
1831
1869
1870
1871
1874
1875
1876
1877
1879
190
1958
195828
1959
196
1960
1961
196441
196446
197320
197407
199692
1997
199704
199777
1998
1999
2000
2001
200186
2002
200350
2004
2005
201181
201501
201514
201516
2016
2018
2019
2020
2023
2033
2034
203430
203447
203523
204219
2063
2077
2078
2086
2099
2100
2101
2103
2104
2113
2114
2115
2116
2117
2118
2119
2120
2122
2128
2130
2186
219409
219578
219654
219749
220202
220929
220992
221302
221504
221527
221785
221833
221895
221937
222546
222696
222894
22797
22806
22807
22809
22823
22834
22835
22847
22850
22869
22877
22880
22882
22887
22890
22891
2290
22921
22926
2294
22947
2295
22955
2296
2297
2298
22980
2299
2300
2301
23013
2302
23028
2303
23036
2304
23040
2305
23051
2306
23060
2307
2308
2309
23090
23091
23099
23119
2313
23140
23144
23152
23174
23211
23217
23261
23264
23269
23314
23316
23318
23361
23390
23394
23414
23435
23440
23462
23493
23503
23515
23528
2353
2354
2355
23567
23589
23598
23613
23619
23650
23660
23764
23777
24144
24149
2494
2516
252884
253461
253639
253738
253782
253832
254359
254887
2551
2553
255403
255877
256051
256297
256380
257
257101
25792
25799
25803
25806
25819
25833
25888
25898
25909
25921
25925
25942
25946
25988
26009
26013
26036
26038
26048
26137
26149
26152
2623
2624
2625
26257
2626
2627
26298
2636
2637
26468
2649
26508
26574
26581
26582
26583
26584
266743
2672
26959
26974
27022
27023
27033
27063
27086
27097
27107
27125
27136
27153
27287
27300
27309
27319
27332
2735
2736
2737
282890
283078
283150
283248
283337
283489
283576
283933
284306
284307
284309
284312
284323
284346
284349
284355
284370
284371
284390
284391
284406
284443
284459
284695
285267
285268
285346
285349
285676
285971
285989
286075
286128
286380
28999
29028
29063
29066
29068
2908
2909
29128
2928
2966
2967
2968
2969
29800
29801
29841
29842
29855
29883
29893
29956
29966
29994
30009
30012
30062
3054
3059
3065
3066
3068
30812
30813
30827
30832
3087
3090
3091
3096
3097
3104
3110
3131
3142
3146
3148
3159
3164
3166
3167
3169
3170
3171
3172
3174
3175
3182
3195
3196
3198
3199
3200
3201
3202
3203
3204
3205
3206
3207
3209
3211
3212
3213
3214
3215
3216
3217
3218
3219
3221
3222
3223
3224
3225
3226
3227
3228
3229
3231
3232
3233
3234
3235
3236
3237
3238
3239
326
3280
3297
3298
3299
333929
3344
338917
339318
339324
339327
339344
3394
339487
339488
339500
339559
3397
3399
340152
340252
340260
340385
340481
340554
340595
340784
342132
342357
3428
342900
342908
342909
342926
342933
342945
343472
343930
344022
344167
344191
344787
346157
346171
347344
347853
348327
349075
349334
351
3516
353088
353274
353355
360023
360030
3607
3608
3609
3642
3651
3659
3660
3661
3662
3663
3664
3665
367
3670
3720
3725
3726
3727
374655
374879
374899
374900
374928
376940
387032
387328
387332
388112
388523
388536
388558
388561
388566
388567
388569
388585
388677
389058
389114
389524
389549
389692
389874
3899
390010
390259
390874
390927
390980
390992
391594
391723
3975
399669
399823
4004
4005
400720
4009
401
4010
402381
403341
404281
404635
405
406
4066
4084
4086
4087
4088
4089
4090
4091
4092
4093
4094
4097
414197
414208
4149
4150
4152
4204
4205
4207
4208
4209
4211
4212
4213
4222
4223
4286
429
4297
4299
430
4303
4306
431707
4323
4335
440077
440097
440515
440517
440695
441056
441234
441330
441955
442319
442425
442695
4435
4487
4488
4520
4602
4603
4605
4609
4610
4613
4617
4618
463
4654
4656
466
4661
467
468
473
474
4760
4761
4762
4772
4773
4774
4775
4776
4778
4779
4780
4781
4782
4783
4784
4790
4791
4798
4799
4800
4801
4802
4807
4808
4821
4824
4825
4831
4851
4853
4854
4855
4861
4862
4863
4899
4901
4904
4929
49854
4990
5013
5015
5017
503582
5036
503834
503835
50674
5075
5076
5077
5078
5079
5080
50805
5081
5083
50862
5087
5089
5090
50943
50945
51042
51043
51058
51085
51087
51114
51123
51157
51176
51193
51201
51222
51230
51270
51274
51276
51282
51295
51304
51317
51333
51341
51351
51364
51385
51402
51427
51450
51513
51530
51538
51545
51616
51621
51663
51710
5178
51804
5201
5241
5245
5252
5253
5307
5308
5309
5316
5324
5325
5326
53335
53349
5371
5396
54345
54469
5449
54503
5451
5452
5453
54531
5454
54542
5455
5456
5457
5458
54581
54585
5459
5460
5462
54626
5463
5465
5467
5468
54680
5469
54700
54729
54738
54753
54764
54796
54807
54811
54815
54816
54819
54856
54862
54877
54897
54925
54937
54989
54993
55063
55079
55081
55139
55145
55146
55205
55279
55294
55311
554045
55422
55502
55509
55552
55553
55565
55596
55609
55625
55628
55634
55657
55659
55663
55713
55734
55762
55769
55778
55786
55806
55809
55810
55818
55854
55870
55888
55892
55893
55897
55900
55906
5591
55922
55929
55954
56033
56242
5626
5629
56676
56731
56751
56829
56917
56938
56956
56978
56980
56987
56995
57057
571
57106
57109
57116
57157
57167
57169
57178
57209
57215
57232
57335
57336
57343
57410
57459
57473
57474
57496
57504
57507
57541
57547
57567
57573
57591
57592
57593
57594
57615
57616
57621
57623
57643
57659
57677
57683
57684
57688
57693
57708
57711
57732
57786
57798
57801
57822
57862
579
5813
5814
58160
58487
58491
58492
58495
58499
58500
58524
58525
5914
5915
5916
5925
5926
59269
5927
5933
59335
59336
5934
59348
5966
5970
5971
5978
5987
5989
5990
5991
5992
5993
5994
6018
602
60313
604
60436
60468
6047
6049
60529
60685
6095
6096
6097
6129
619279
6239
6256
6257
6258
6297
6299
6304
6322
63876
639
63925
63934
63946
63948
63950
63951
63973
63974
63976
63977
63978
64067
641339
641383
64145
64211
642658
64288
64321
64344
643641
643719
64375
64376
643836
64393
64397
64412
644168
64429
644524
645832
646
64641
64651
646698
646915
6473
6474
647589
64763
64764
64843
64864
649137
64919
6492
6493
6495
6496
65056
65243
65249
65251
653082
653121
653404
653427
653543
653544
653545
653548
654254
654364
657
6591
6596
6597
65982
65986
65988
6615
6618
6621
664701
6650
6656
6657
6658
6659
6660
6662
6663
6664
6665
6666
6667
6668
6670
6671
6672
668
6688
6689
6720
6721
6722
6736
677
6772
6773
6774
6775
6776
6777
6778
678
6827
6830
6862
687
6871
6873
6874
6875
6877
6878
6879
688
6880
6881
6883
6884
6886
6887
6899
6907
6908
6909
6910
6911
6913
6925
6926
6927
6928
6929
6932
6934
6935
6936
6938
6939
6940
6941
6942
6943
6944
6945
7003
7004
7005
7008
7019
7020
7021
7022
7023
7024
7025
7026
7027
7029
7030
7050
7067
7068
7071
7080
7101
7153
7155
7157
7161
7181
7182
7227
724097
727857
727940
728361
728410
728489
728656
728957
7290
7291
729288
729501
729648
729944
730087
730110
730130
730291
7342
7376
7391
7392
7409
741
7421
745
7468
7474
7490
7494
7528
7538
7539
7541
7542
7543
7544
7545
7546
7547
7549
7551
7552
7553
7554
7555
7556
7559
7561
7562
7564
7565
7566
7567
7568
7569
7570
7571
7572
7574
7576
7579
7580
7581
7582
7584
7586
7587
7589
7592
7593
7594
7596
7597
7608
7617
7620
7621
7623
7624
7625
7626
7627
7629
7633
7634
7637
7638
7639
7643
7644
7652
7673
7675
7678
7690
7691
7692
7693
7694
7695
7697
7699
7700
7701
7703
7704
7705
7706
7707
7709
7710
7711
7712
7716
7718
7727
7728
7729
7730
7733
7738
7739
7741
7743
7745
7746
7748
7750
7752
7753
7755
7756
7757
7760
7761
7762
7763
7764
7766
7767
7768
7769
7770
7771
7772
7773
7775
7776
7789
7799
7849
7862
79027
79038
79088
790968
790969
79101
79149
79175
79177
79190
79191
79192
79230
79364
79365
79366
79413
7942
79603
79618
79670
79673
79683
79692
79698
79710
79718
79724
79733
79740
79744
7975
79750
79752
79755
79759
79776
79788
79797
79800
79818
79830
79842
79844
79862
7988
79882
79891
79894
79898
79923
79943
79973
79977
80032
80034
80095
80108
80110
8013
80139
80149
8022
80264
8028
80317
80320
80345
8061
80709
80712
80714
80764
80778
80818
80829
8089
8091
8092
81566
81628
81856
8187
81931
8216
8233
8242
8320
8328
83439
83463
83482
83595
83637
83741
83744
83855
83881
8403
84083
84108
84124
84146
84163
84186
84215
84217
84225
84240
84243
84256
8427
84287
84307
8431
84324
84327
8433
84330
84436
84449
84450
84458
84460
84503
84504
84524
84525
84527
84528
84547
8456
84614
84619
8462
84622
84627
8463
84654
84662
84667
84671
84684
84699
84733
84765
84775
84838
84839
84844
84858
84872
84874
84878
84885
84891
84905
84911
84913
84914
84922
84924
84936
84944
84969
8521
8522
8531
85364
8538
85416
8543
85437
85446
8545
85460
85463
85474
8548
85508
8553
860
8609
861
862
8625
8626
863
864
865
86614
867
8721
8820
8848
8856
8880
8882
8896
8928
8929
8939
89767
89884
89887
90075
9014
90204
90233
9031
90316
90317
90321
90333
90338
9044
90441
90462
90485
90576
90589
90592
90594
90637
90649
90655
9070
90827
90850
90874
9095
9096
90987
90993
91012
91074
9112
91120
91133
9139
91392
91464
91603
91661
91664
91748
91752
9189
91975
9202
9203
9204
9205
92092
9219
9221
92283
92285
9232
92399
9242
9247
92595
9278
92822
92999
9310
93134
9314
9326
9337
9338
93474
9355
9372
93986
94039
9406
94104
9421
9422
94234
9464
9479
9480
9496
9516
9534
9541
9569
9572
9575
9580
9586
9603
9611
9640
9658
9666
9668
9705
9726
9745
9753
9757
9765
9774
9819
9831
9839
9841
9849
9877
9880
9889
9915
9923
9925
9931
9935
9970
9971
9975
9984
9988
