10001
10011
100130302
10014
100287429
100287841
100288461
100289635
100290363
100292165
100293130
10036
10046
10049
10084
10102
10128
10129
10138
10210
10214
1024
1025
1027
10284
10336
10401
10409
10413
10419
10438
10450
10468
10498
10514
10521
10522
10553
10572
1059
10595
10600
10614
10620
10621
10622
10623
10629
1063
10656
10772
10847
10848
10856
10865
10915
10923
10933
10935
10957
10973
10987
11007
11030
11036
1105
1106
1107
1108
11100
11105
11168
11198
11218
11243
11267
112744
112869
112939
112950
11319
11331
11335
114803
1161
116931
117143
117154
123169
124
124751
124790
126272
129685
132660
133746
135112
138151
138474
138715
140597
1407
1408
1428
150572
151449
153443
158931
1602
1630
163732
1653
1655
165631
166815
168417
170067
170463
171023
1756
1786
1810
1822
196528
1993
200765
201798
202559
2056
2068
2070
2071
2138
2139
2140
2145
2167
219541
220359
221037
225689
22803
22827
22885
22904
22906
22924
22927
22933
22936
22938
22954
22992
23019
23030
23038
23066
23067
23077
23081
23082
23125
23126
23132
2314
23168
23186
23286
23309
23326
23373
23389
23408
23409
23410
23429
23466
23468
23492
23512
23522
23541
23569
23587
23635
23648
23741
24148
245806
254251
2547
25842
25920
25937
26098
26122
26145
26147
26155
26205
26292
2648
26523
2658
26610
2668
26747
2691
27005
27034
27044
27148
27161
27254
2729
27336
280658
280660
282991
283629
284119
284252
284358
285527
285855
28985
29072
29080
29115
2957
2958
2960
2961
2962
29777
29890
29915
29946
29947
29950
29982
29995
3050
3070
30834
30836
3150
3151
3184
328
3281
3383
3398
3400
340543
3456
3458
346389
347273
3479
3481
3508
3547
3558
3565
3567
3586
3589
359948
3603
3605
3621
3624
3630
3728
375790
387893
389136
389421
392255
3976
3992
400569
400713
401265
4017
4034
404672
4117
4171
4172
4173
4174
4175
4176
4194
4261
4287
4298
4300
4302
4331
4332
4343
4582
4601
4664
4665
4666
4738
4756
4796
4841
4848
4849
4850
493861
4999
50485
50616
5092
51003
51008
51028
51053
51106
51111
51132
5119
51224
51412
51442
51460
51497
51547
51548
51564
51575
51586
51728
51742
51755
51773
51780
5195
5204
5205
5216
5292
53615
53635
54014
5411
5430
5438
54386
5440
5441
54496
5450
54556
54583
546
54623
54625
54797
54799
548313
54880
54904
54971
54997
55090
5511
55122
5514
55140
55170
55193
55213
55250
55252
55257
55269
55274
55290
55352
55536
55578
55588
55629
55636
55662
55689
5569
55693
55723
55729
55749
55758
55814
55827
55832
55840
55869
55885
56160
56254
56832
56849
56916
56943
56946
56970
56979
57018
5702
5705
5715
57326
57332
57407
5741
57472
57492
57645
57649
57713
57727
5784
5928
5931
5932
5981
6015
6045
60491
605
6128
6182
6208
6248
6294
63035
6310
6314
63947
6399
64105
64137
6421
64216
6427
64324
6433
64332
64395
64426
64428
64769
64784
648
64800
651
653656
653657
655
6556
6594
6595
6598
6599
66008
6601
6602
6603
6604
6605
6617
6619
6749
6756
6757
6758
6759
676
6829
6837
6839
6872
6882
689
6894
6895
6919
6920
6921
6923
694
6996
7013
7014
7073
708
7110
7112
7136
7141
7158
7251
7270
727837
728340
728642
728929
7293
730394
731220
7329
7332
7337
7341
7428
7469
7471
7536
7812
7832
79084
7936
79595
79612
79682
79685
79697
79723
79727
7978
79811
79813
79816
79885
79913
79921
7994
79960
80063
80142
80155
80184
80205
80237
80298
80306
80314
80816
80854
8110
815
81550
81606
81669
8178
81789
81857
81892
8193
8208
8295
83714
83746
83860
83879
83933
84105
84148
84164
84181
84193
84232
84246
84289
84295
84312
84313
84333
84337
84456
84498
84515
8458
8464
8467
84678
84722
84759
84787
84901
84962
85012
8520
8535
85403
8544
85441
85509
8570
8573
8607
8690
8725
8726
88
8804
8812
8819
8850
8914
892
8976
89780
902
9039
904
905
90665
9079
90843
91151
9124
9149
91612
9191
9208
9210
92129
92140
92552
93166
9319
9321
9325
93624
93649
9391
9412
942
9425
9439
9441
9442
9443
9457
9477
9519
9584
9612
9619
9643
9663
9667
96764
9682
9686
9689
9734
9739
9759
9792
9817
984
9869
988
9913
9921
9987
999
